[0.76369922 0.72277239 0.76157892 0.71267416 0.72695162 0.77347452
 0.76688631 0.76520029 0.77878813 0.73249155 0.75666441 0.73209892
 0.75753867 0.75868038 0.72438543 0.76303748 0.74853169 0.73614981
 0.74062309 0.7666694  0.74278603 0.77316227 0.77419374 0.7426514
 0.76732458 0.71723262 0.75062419 0.77410727 0.76528047 0.75653384
 0.75966719 0.75289129 0.77907546 0.73578381 0.74230516 0.76742797
 0.72884653 0.7457736  0.76524063 0.7628404  0.72460261 0.72775682
 0.69967513 0.75368584 0.72095768 0.76516658 0.7609414  0.73206031
 0.75167264 0.7494046  0.66308199 0.78133388 0.77808095 0.76472131
 0.75756034 0.77118051 0.77673562 0.75317023]
[0.76219955 0.72880063 0.76763578 0.71083191 0.72590298 0.76261093
 0.77086661 0.7750022  0.78588804 0.72614423 0.75257537 0.72164617
 0.75407062 0.75576027 0.72646206 0.77804157 0.74938354 0.72865892
 0.71676922 0.7665714  0.73528137 0.77017448 0.77368093 0.73342856
 0.76560629 0.70927039 0.75333383 0.78720558 0.76789422 0.75618399
 0.75260145 0.75922891 0.77570609 0.72858191 0.7401769  0.77530522
 0.75024065 0.74349424 0.76932175 0.76765744 0.72945877 0.72747291
 0.70503827 0.78163393 0.73423047 0.76599042 0.75318072 0.72842267
 0.75167424 0.73924951 0.68846222 0.77435719 0.78136375 0.76768232
 0.7631615  0.76599239 0.77086297 0.74087156]
[0.77852582 0.7381622  0.77211755 0.72537561 0.74447934 0.7757384
 0.77850094 0.77405358 0.78936709 0.74234456 0.76514942 0.744436
 0.76790823 0.76226358 0.73278323 0.7813775  0.75821675 0.73497979
 0.74036737 0.77521346 0.75714719 0.78050047 0.78328637 0.75071952
 0.77920906 0.71589158 0.76093401 0.78686689 0.7791881  0.76079271
 0.76113772 0.76983497 0.78297235 0.74451144 0.74843715 0.78298435
 0.75668368 0.75235814 0.77074872 0.7774935  0.7380942  0.73601776
 0.71482071 0.7864513  0.74110966 0.77270387 0.76631708 0.73798498
 0.75787787 0.76004053 0.69896897 0.78489349 0.7900866  0.77566032
 0.76627277 0.76851356 0.78356328 0.76281922]
[0.77117815 0.74126007 0.76755817 0.7129994  0.72733396 0.7666779
 0.77799986 0.77479619 0.79168062 0.73134698 0.7619628  0.72975348
 0.7582511  0.75664972 0.72182963 0.7707002  0.75016496 0.73160818
 0.72473835 0.76839767 0.74838737 0.77439838 0.77715189 0.73829104
 0.7702837  0.71537656 0.76056594 0.78524189 0.77402849 0.7602166
 0.75135762 0.75710054 0.78203936 0.72988084 0.74281492 0.7780724
 0.76262553 0.75061093 0.76971479 0.77258779 0.72694813 0.73405607
 0.70966805 0.78282654 0.73630805 0.77034363 0.74859959 0.73618757
 0.75061037 0.74567546 0.70132142 0.77922854 0.78993605 0.77699521
 0.76117981 0.76443742 0.77383287 0.75607744]
[0.77382363 0.73918532 0.77583251 0.7116203  0.73447646 0.77130854
 0.7801654  0.78487573 0.79078902 0.74041002 0.76143727 0.73331274
 0.75822422 0.76348517 0.73055674 0.78551073 0.74983313 0.73798137
 0.72549459 0.77303967 0.74886717 0.77944305 0.77721539 0.73214082
 0.77716422 0.71669649 0.76155969 0.79254162 0.77830307 0.7666588
 0.75290633 0.76530195 0.77953523 0.73421107 0.74319639 0.78370496
 0.76002583 0.7490526  0.77373933 0.77367693 0.73370798 0.74100493
 0.70608562 0.78514312 0.74125281 0.77239098 0.76437441 0.73482259
 0.75950579 0.74826739 0.69863621 0.78058575 0.78716326 0.77794773
 0.76935986 0.76968265 0.77988972 0.7547769 ]
[0.77756617 0.73004884 0.76804141 0.71780466 0.73541212 0.7683341
 0.77598488 0.78057237 0.78912928 0.73842076 0.76594308 0.73440311
 0.76305496 0.75990212 0.72080044 0.77502486 0.75973546 0.73454183
 0.74142328 0.76014956 0.7594218  0.78222113 0.78189297 0.74122032
 0.77337876 0.70971037 0.76295654 0.78692764 0.77460949 0.77236706
 0.75840491 0.76998551 0.78574205 0.74124501 0.75083027 0.78542938
 0.7605447  0.74503561 0.78198005 0.77462598 0.73508913 0.73554125
 0.70561315 0.78820658 0.74475065 0.77505402 0.7755014  0.73537282
 0.75649335 0.75339179 0.7026717  0.78350991 0.79209708 0.77766535
 0.76205324 0.77655252 0.78127407 0.76136239]
[0.77529723 0.7474815  0.76890221 0.71813181 0.73908279 0.77505137
 0.77842567 0.77515273 0.78306104 0.73651641 0.76113939 0.73612944
 0.7690404  0.7650145  0.72689021 0.78270574 0.74869944 0.74056784
 0.73557966 0.77193051 0.75082274 0.77805843 0.77931751 0.73238822
 0.78234504 0.70529292 0.76337626 0.7825078  0.78255607 0.76440627
 0.75877611 0.76472443 0.77971947 0.74128584 0.74324465 0.78491807
 0.75793428 0.73638108 0.77576417 0.76858273 0.73174743 0.74428769
 0.71307174 0.7833949  0.74159128 0.77301487 0.75857635 0.72893462
 0.75364242 0.75374003 0.70293612 0.77722596 0.78798931 0.7749481
 0.76863495 0.75791746 0.78528034 0.75655172]
[0.77225465 0.7431827  0.76061932 0.71752975 0.73465579 0.77493257
 0.77278122 0.77442173 0.77819246 0.73229705 0.76064243 0.73516175
 0.76032824 0.75505983 0.7180848  0.76306558 0.74806015 0.73673666
 0.73297086 0.762575   0.75760605 0.76850624 0.78119809 0.73764276
 0.77687978 0.70694403 0.76106978 0.77856056 0.77479481 0.75995648
 0.75201627 0.76118037 0.78503321 0.74218198 0.74137694 0.78228371
 0.76316915 0.74223288 0.7723961  0.77249737 0.72821251 0.73485316
 0.70930875 0.78140053 0.74190244 0.76814217 0.76369803 0.73757066
 0.74946168 0.74735359 0.71227127 0.77700466 0.79112391 0.77154384
 0.75835582 0.76753388 0.77409187 0.75960531]
[0.78122536 0.74904126 0.76842846 0.72111158 0.74859138 0.78403813
 0.77983121 0.77847913 0.78800991 0.74571614 0.76470499 0.74573195
 0.76882196 0.76515361 0.7329202  0.78581656 0.75442792 0.74272049
 0.74428023 0.77130302 0.75512167 0.7779672  0.78383857 0.74604894
 0.78327473 0.71218185 0.76832969 0.78584549 0.78600498 0.76139787
 0.75799678 0.76807684 0.78266129 0.74924622 0.74663523 0.78948611
 0.76565623 0.75205767 0.77794119 0.77098415 0.73916104 0.74541405
 0.71033641 0.78112964 0.74509116 0.78057606 0.77923896 0.73776008
 0.76450837 0.7608329  0.70604801 0.78432201 0.79164585 0.77377586
 0.77547615 0.76391337 0.79107709 0.76435443]
[0.78085492 0.75015295 0.77299009 0.72195878 0.7453191  0.78346167
 0.7860114  0.783518   0.789766   0.74333918 0.76414417 0.74866701
 0.77250908 0.76576713 0.73708498 0.78879855 0.74661157 0.74480197
 0.73858328 0.77529136 0.76826516 0.77964271 0.78380601 0.74274063
 0.78098719 0.72037816 0.76808191 0.79174299 0.78611845 0.76260338
 0.75533143 0.76615964 0.78744675 0.74568835 0.74332113 0.7890269
 0.76756756 0.75123238 0.7778244  0.77522387 0.7316702  0.74777812
 0.71922653 0.78277003 0.74772768 0.77938471 0.77490836 0.73994842
 0.76777991 0.75827048 0.70631926 0.78650857 0.79490923 0.77717649
 0.77146953 0.77127917 0.7865627  0.77012575]
