[0.77443537 0.64670004 0.79106278 0.76137697 0.81065218 0.83685686
 0.74984786 0.73718918 0.71444896 0.70799587 0.69884364 0.8558428
 0.76095724 0.7579589  0.60618033 0.79639122]
[0.78082892 0.64878146 0.79865542 0.76436045 0.80652974 0.85091258
 0.75883383 0.75301276 0.70687212 0.70888718 0.7023419  0.8450336
 0.76803384 0.74821563 0.57809941 0.79420172]
[0.78549799 0.65282608 0.80829154 0.76749284 0.8128412  0.85682945
 0.76124554 0.74277237 0.71461274 0.72792878 0.7153509  0.85285322
 0.77628638 0.76679935 0.62486354 0.80599207]
[0.78688612 0.65884134 0.80358276 0.76577858 0.81312812 0.85139949
 0.75408019 0.73680846 0.70516036 0.71692124 0.71254671 0.85161033
 0.77047357 0.74955993 0.60056656 0.80041244]
[0.78793558 0.66373858 0.80614488 0.76584914 0.81819889 0.85448149
 0.76762047 0.75777513 0.71179442 0.71962428 0.71319279 0.85210738
 0.77422711 0.75061506 0.59385393 0.79302052]
[0.78843262 0.66466726 0.80105247 0.77155418 0.81087074 0.85213225
 0.76116515 0.74994407 0.71787217 0.71485563 0.70785788 0.8447565
 0.77748232 0.76309729 0.617431   0.80497282]
[0.79047985 0.66016384 0.81369395 0.7636339  0.79889072 0.85611747
 0.76640824 0.7353083  0.71265227 0.73461261 0.71763977 0.82637908
 0.77293869 0.75232621 0.6238554  0.80198582]
[0.78931965 0.66464767 0.80296137 0.76023024 0.8041804  0.84974096
 0.75094969 0.71819838 0.70635926 0.72157712 0.70405416 0.84946996
 0.77137595 0.75916114 0.62821526 0.80907966]
[0.78765146 0.66351325 0.81158232 0.76611376 0.81289151 0.85561056
 0.76919907 0.74551354 0.72452165 0.73037008 0.72325397 0.84870804
 0.77592582 0.76396906 0.61601233 0.80813395]
[0.78944478 0.66452569 0.81184056 0.76914915 0.81652806 0.85674719
 0.77051068 0.73927458 0.71449604 0.73673885 0.72555959 0.86303659
 0.77370617 0.75641244 0.62779815 0.80399292]
