-0.22687960552888237
-0.2831143963499637
-0.3000407400852989
-0.3096439314095613
-0.31614634254138463
-0.32141207576389647
-0.32543543306532924
-0.3284197386086135
-0.33088632212679087
-0.3337028860010521
-0.33573827546820156
-0.33761076411005875
-0.3394032535570727
-0.34044634186600337
-0.34245949340221604
-0.3437756576549918
-0.3451145541283392
-0.34637784736032223
-0.3469943914460781
-0.34821478042649867
-0.3493110371878366
-0.3494506567051038
-0.3509756197260864
-0.3520915186582665
-0.3514833019182049
-0.3531444824067298
-0.3533248740893144
-0.35459094093396115
-0.35524553615165405
-0.3561316042325041
-0.35623680088419474
-0.35696208965098
-0.35647999840989597
-0.357976543030727
-0.35819323438568684
-0.3587813207292675
-0.35905841333102945
-0.3599964449778384
-0.3601371497285573
-0.36018872364579
-0.36035849068951664
-0.3612169397823864
-0.3606753599998673
-0.36192885447968326
-0.36231408684188615
-0.3619553916359658
-0.3630401847084462
-0.3622275073238401
-0.36367235830049066
-0.3634221036144285
-0.36339758340241596
-0.36362828761708943
-0.3639006698989395
-0.36467211499403485
-0.3649991002331301
-0.3651400053915256
-0.3648503552151673
-0.36516606430557763
-0.365613959859086
-0.36622422874417554
-0.3657854036716906
-0.3651097504879641
-0.36643891816695334
-0.3668410622748193
-0.36726413988889595
-0.36667538887217976
-0.3672481404048929
-0.3672240011893194
-0.36740029886106107
-0.3674778960478809
-0.3676973522892661
-0.3680075484676929
-0.36802108840966047
-0.36813570547932134
-0.3683316184776297
-0.36862985852634345
-0.3686846879220778
-0.3689032620738813
-0.3686382879246553
-0.36909415290018466
-0.3691559215041603
-0.36911635311602364
-0.3695087637706075
-0.3694328997034589
-0.3695908239106682
-0.3700080953224125
-0.36976752224986076
-0.36991692661647463
-0.37021334990674154
-0.370196956780649
-0.3690610999800727
-0.3702814182631727
-0.3704234378657329
-0.37070243840773703
-0.3701968055505019
-0.3710559182072396
-0.37110684216762
-0.37115805438966964
-0.37100381687024686
-0.3711242332647811
