0.00364688694194118
0.0071510814451531644
0.008339386238085647
0.009042983382441121
0.009543874942311651
0.009926614494851002
0.010237168899688768
0.010453020867246848
0.010657787956204959
0.010834000433885282
0.010970112329196398
0.01109626733238067
0.011223170300830091
0.011314483142224495
0.011434888432528038
0.011525346236603876
0.01161286589590181
0.011696403430169333
0.011762919856545056
0.011833507001455457
0.011911945632443978
0.01193702243795392
0.012018835786776271
0.012095520550167885
0.012072997165395515
0.012178201376282548
0.012188757136556557
0.012274414730759768
0.012319554003977006
0.012371649008900592
0.012400511030579176
0.012442126132954586
0.012400163293679801
0.012506167725579023
0.012532892865741224
0.012570508281993806
0.012590331642451713
0.012633132376238962
0.01266779247024293
0.012670852119107696
0.01268779903548601
0.012728129132250994
0.01270108392217171
0.012773645433964712
0.012797964233026907
0.012810537792631325
0.012833832892549985
0.012822771437983802
0.012881241392150114
0.012878920233556562
0.012897190815831532
0.012912476936785074
0.01292845008723789
0.01295359193742571
0.012971998772424444
0.012987824265496163
0.012996946778102193
0.012995321823575212
0.013030752042775267
0.013057641329118987
0.013052598374523685
0.013028792015487147
0.013093134228870384
0.01310032814805842
0.013133905127773954
0.013106019055891422
0.01314058544913829
0.013147237195307504
0.013155476626923894
0.013164390400791582
0.013177421872987049
0.013194371555601396
0.013201318983977693
0.013206464062830799
0.013213148127973228
0.013238470257252973
0.013250033831034345
0.013263269313715085
0.013247001789066543
0.013276886070151778
0.013278785200960583
0.013288105373494974
0.013298078620385739
0.01330157665411015
0.013324360950172835
0.013333217885631781
0.013325827341831796
0.013335760909296739
0.01334480470319096
0.013352675763219964
0.013291982238275685
0.0133744824478962
0.013360617624563408
0.01338874982905669
0.013369274868747732
0.013400498789182815
0.013408903825205402
0.013410843758573454
0.013414729973555499
0.01341839619304421
