-0.21229205837024945
-0.25451007093448497
-0.26668319568296817
-0.2734719990352839
-0.27797084307256464
-0.2817056186441748
-0.2844867579842324
-0.28660765560182094
-0.2882551711708973
-0.2903668847554375
-0.29185782665058635
-0.2932256958250964
-0.29451057348150766
-0.2951884104803241
-0.2967199405132985
-0.2976742734758197
-0.29866309086826837
-0.2995922345085712
-0.29994271259301947
-0.3008807533727982
-0.30166325505554825
-0.3017025677944827
-0.3029002781689315
-0.3037094379920817
-0.30319131426420753
-0.3044316782696963
-0.30456984686496535
-0.30549328336053094
-0.3059673219105742
-0.3066450095649984
-0.3066347571963412
-0.3071935863855755
-0.3068793467789075
-0.30795187283094705
-0.3080616645866233
-0.30849928817441385
-0.30869708848058736
-0.3094639168779548
-0.30946598144677967
-0.3095053160752611
-0.3096072959249132
-0.3103044240113819
-0.3098710258456673
-0.3108342733631655
-0.3111222315367043
-0.3107132414730252
-0.31170485444163565
-0.3109364232265624
-0.3121473940814991
-0.31190642374325034
-0.31180882165508883
-0.3119783815615822
-0.31218687106598697
-0.31285774774350245
-0.3131111055686515
-0.31318870874551624
-0.3128625687683191
-0.31318477838861736
-0.31349095199303356
-0.31399366466638173
-0.31357501081142475
-0.3129945829991371
-0.3140663825548612
-0.31443975137421865
-0.31472851990470224
-0.3142513138780523
-0.31468579964365617
-0.31463505309213774
-0.3147783933886819
-0.3148203347959826
-0.314987665592293
-0.31523006289236005
-0.31521581316704195
-0.3153098499212904
-0.3154790266867607
-0.3156759778855752
-0.3156845527458428
-0.3158501856971911
-0.31565028096251097
-0.3159866092666503
-0.3160407819759757
-0.31596393243550663
-0.3163164501302591
-0.31622659442738327
-0.3162933809141959
-0.3166752248336896
-0.31646421381616713
-0.3165738835524093
-0.31683413229568425
-0.3167862551975487
-0.3158931715908477
-0.3167834893497581
-0.3169809680422837
-0.31714743974782694
-0.3167197063158523
-0.3174539237992639
-0.3174712279298465
-0.31751468015959483
-0.31734489766007323
-0.3174506497590181
