[0.79273726 0.66348812 0.81258507 0.7606356  0.80182734 0.8352191
 0.75614445 0.70020573 0.67069453 0.73211596 0.72203054 0.84131903
 0.76115233 0.73753455 0.60866155 0.78724108]
[0.7986421  0.67944731 0.8123993  0.76357428 0.81133506 0.84288684
 0.76542895 0.70687784 0.69527625 0.73212418 0.71454195 0.85568941
 0.76810516 0.75210191 0.61987923 0.79578615]
[0.80019499 0.67836339 0.81977282 0.76372644 0.79828849 0.84851531
 0.76518879 0.68971914 0.69816842 0.74127146 0.7288001  0.82892742
 0.77270142 0.7524759  0.62370651 0.79989286]
[0.80352758 0.68104155 0.82599902 0.76226559 0.80199487 0.84733603
 0.76438787 0.67296248 0.70957878 0.74982897 0.73397038 0.83189867
 0.76941138 0.75271666 0.63429428 0.80575516]
