[0.77197637 0.73028995 0.75866322 0.7092491  0.72440709 0.77156979
 0.77532795 0.7731385  0.77778008 0.73411733 0.74438969 0.73168778
 0.75520612 0.76007119 0.7258222  0.77132335 0.72672588 0.71655837
 0.72909733 0.76656495 0.75026322 0.77528899 0.77073006 0.72988592
 0.77322556 0.70727212 0.75333195 0.77895706 0.77438604 0.75666252
 0.73786772 0.74744301 0.78122982 0.72853795 0.72352304 0.77457681
 0.74608925 0.73670444 0.77007448 0.7635178  0.70609111 0.72644968
 0.69444119 0.76821767 0.72770997 0.76430228 0.7653289  0.73005845
 0.75295091 0.73887985 0.67870697 0.77265038 0.77550188 0.76431288
 0.76892193 0.75215619 0.77042739 0.74988021]
[0.77832668 0.73465377 0.76022226 0.71544634 0.72922187 0.78247087
 0.77738734 0.77922748 0.7826649  0.74298077 0.75781381 0.74288983
 0.76131584 0.76004006 0.73397688 0.7774318  0.73553402 0.73175593
 0.73730565 0.76565247 0.75818508 0.77933765 0.77857909 0.74071222
 0.78569799 0.7123752  0.76717582 0.77679079 0.78041512 0.76390674
 0.75571135 0.75869646 0.79173951 0.74291428 0.73773996 0.78614773
 0.7509538  0.74354687 0.77377529 0.77569486 0.72271542 0.73888997
 0.69417699 0.77418699 0.73236241 0.76824921 0.77639763 0.74048537
 0.75978906 0.75540465 0.68993558 0.78035755 0.78976691 0.77030332
 0.76566184 0.77203579 0.77929285 0.75717189]
[0.77598091 0.73666687 0.76687442 0.71732261 0.73202383 0.78280384
 0.78179623 0.77851641 0.78745683 0.74368646 0.75382231 0.73290062
 0.76572329 0.75720118 0.73016534 0.77941908 0.73930829 0.73303024
 0.74870826 0.7626602  0.75317688 0.77736603 0.78206193 0.73392687
 0.77925805 0.70313358 0.76025839 0.78579274 0.78045847 0.75853021
 0.74926994 0.75869414 0.79118424 0.74321884 0.73616189 0.78340729
 0.75765424 0.74577815 0.77809792 0.77450405 0.71858948 0.74389811
 0.69819735 0.77794781 0.73958912 0.76802642 0.76907661 0.72895219
 0.75416722 0.75593421 0.69323003 0.77692343 0.7871713  0.77384911
 0.76935044 0.76874074 0.77606541 0.76000121]
[0.78271172 0.74597425 0.77330581 0.72046579 0.73696695 0.78472997
 0.78289742 0.77566861 0.7876534  0.74837093 0.75592661 0.74343588
 0.76810893 0.75606065 0.73841695 0.77704711 0.73854471 0.74033121
 0.74196932 0.76736267 0.76051296 0.77775176 0.78360554 0.73712865
 0.78436754 0.70882651 0.75897173 0.7776277  0.78376121 0.75786991
 0.75440027 0.76046059 0.79192301 0.75348601 0.73668836 0.78010568
 0.75686654 0.74328569 0.77892519 0.77459587 0.72050571 0.75476342
 0.70185931 0.77491815 0.73209524 0.76848951 0.77819009 0.73210772
 0.75598964 0.76045386 0.6943361  0.78239822 0.78919667 0.78134069
 0.76843408 0.76696003 0.77991372 0.7637019 ]
