-0.2477781290643745
-0.3135626337263319
-0.3294935268163681
-0.33822817789183723
-0.34468980272610983
-0.3497410712639491
-0.35422046032216814
-0.3576903841230604
-0.36085880551073285
-0.3632380125919978
-0.3659790500005086
-0.3674190527862973
-0.36959976752599083
-0.37137251238028207
-0.3731048339605331
-0.374581546386083
-0.3755844643380907
-0.37712148434585996
-0.3777233005232281
-0.3788856444093916
-0.3805775582790375
-0.3808746106757058
-0.38205199943648444
-0.38286041763093737
-0.3834665033552382
-0.38459040608670975
-0.3846073849333657
-0.3853917821248372
-0.3860696024364895
-0.38649034321308134
-0.3866760218805737
-0.3876374480459425
-0.3876273579729928
-0.3879518757926093
-0.38853037231498294
-0.3893930204047097
-0.38952858957979414
-0.3901441111167272
-0.38988049613104925
-0.39058173259099327
