0.008906619822545208
0.015644098569949468
0.017204069199247492
0.01794252049798767
0.01848488579607672
0.018946713966627917
0.019353757811089358
0.01965460625787576
0.019956155170996984
0.020163291073921653
0.020401850168903668
0.020559754843513172
0.02074799538900455
0.020884051505062316
0.02103283586187495
0.021157334248224895
0.021250639835165605
0.021363304932084347
0.02143755397035016
0.021540911897189086
0.021626487614379988
0.02168786050958766
0.021767694589992365
0.021817390190230476
0.02188241483022769
0.02194867368373606
0.021982857299347718
0.02204811396698157
0.022081483225855562
0.022132031954824924
0.02214262145674891
0.022207544131411447
0.02221718900733524
0.022242289028233952
0.022286641092764008
0.022323969114157887
0.022340626017087035
0.02239112938857741
0.022409767976237668
0.022429587600959672
