-0.22996489001644982
-0.28227443678511516
-0.2950853894816505
-0.30234313683377373
-0.3077200322681003
-0.3118476433886422
-0.3155129447248247
-0.3183811726172765
-0.3209464965264002
-0.322911431060897
-0.32517534997728137
-0.3262995439105564
-0.3281037778986825
-0.32960441039668187
-0.33103916333781347
-0.33226687848567965
-0.3330831860171424
-0.33439487609598373
-0.334848193526268
-0.3358038212193383
-0.3373245839277903
-0.33749888983037735
-0.33851661066214245
-0.3392256385750241
-0.3397016751103931
-0.34069305956363677
-0.3406416712204615
-0.34129555576377446
-0.341906636622217
-0.3422262806362576
-0.3423907804489136
-0.3432223608096441
-0.3431929811504152
-0.34346729940838283
-0.3439570912387636
-0.34474508232540557
-0.3448473381333881
-0.3453618534406026
-0.3450609612464905
-0.34572255882951947
