[0.76631574 0.72161692 0.75765579 0.69584525 0.72924835 0.76605269
 0.76921528 0.76610185 0.77761779 0.735296   0.752241   0.72214651
 0.75705971 0.75546039 0.71886245 0.76915408 0.73940469 0.72662313
 0.72476024 0.76380452 0.74138506 0.77256461 0.76967616 0.73584369
 0.76962967 0.70620016 0.75323506 0.77195151 0.76071461 0.74880148
 0.74974322 0.75217079 0.78305398 0.73490078 0.73392226 0.77029636
 0.74078218 0.73788922 0.76823505 0.76326675 0.71742704 0.72374094
 0.68925355 0.76539568 0.71752213 0.76410593 0.767285   0.72891577
 0.75159887 0.74396536 0.67255083 0.77691091 0.7758143  0.76398947
 0.7603612  0.76178691 0.77730452 0.74553191]
