[0.77394183 0.6422417  0.79272525 0.75857787 0.80838271 0.84451866
 0.75344855 0.74379457 0.72442412 0.71172791 0.69728528 0.85665888
 0.75322476 0.74934243 0.61952371 0.80288073]
[0.7813567  0.65065255 0.80438656 0.76302568 0.80411118 0.85264182
 0.75804424 0.74274196 0.71429295 0.72729817 0.71287499 0.83908973
 0.76699319 0.75366962 0.6174007  0.80095692]
[0.78097338 0.64965404 0.80833648 0.76928419 0.81130247 0.84802217
 0.76440414 0.75856429 0.72428187 0.73521288 0.72248464 0.85053616
 0.7722133  0.76379293 0.62718084 0.7998307 ]
[0.78547426 0.66142402 0.80436729 0.76717271 0.81979682 0.84954615
 0.76173064 0.74921357 0.71828343 0.73417374 0.70860456 0.86278985
 0.77127479 0.76743179 0.62450646 0.80401833]
[0.785022   0.65604859 0.80891542 0.76869501 0.81344007 0.85398681
 0.760688   0.74698506 0.72351147 0.72443965 0.71903481 0.85569618
 0.77506575 0.76355116 0.61526542 0.80060059]
[0.78752903 0.66457591 0.80889291 0.76903947 0.81579641 0.85211555
 0.7663639  0.74873959 0.71917439 0.73876747 0.71362609 0.85041778
 0.77708843 0.76708421 0.62985815 0.80718311]
[0.78288309 0.65545087 0.8040259  0.76949167 0.81605831 0.84495055
 0.76469606 0.75478062 0.71266693 0.72852225 0.7170016  0.85765572
 0.77106564 0.75463886 0.60411359 0.78898084]
[0.78939598 0.66254217 0.81124995 0.76748686 0.80091354 0.84787675
 0.75703603 0.73317694 0.7205931  0.73658734 0.72052299 0.83023481
 0.77337658 0.76787376 0.64115746 0.81139944]
[0.79061157 0.66440303 0.81710149 0.76724892 0.80937217 0.85453114
 0.7629134  0.7285399  0.71718367 0.7463086  0.72459116 0.84931303
 0.77812696 0.76901186 0.64171023 0.81066673]
[0.78908363 0.66538534 0.81655079 0.77183355 0.81402299 0.85499123
 0.76971931 0.74426011 0.72529186 0.74672398 0.72536507 0.85236689
 0.78046941 0.7710553  0.63247984 0.80560412]
