[0.75829039 0.71532505 0.76582638 0.70811502 0.72643257 0.7704278
 0.76740628 0.76715524 0.77284143 0.73481546 0.74606199 0.72371968
 0.76276848 0.75890649 0.73020197 0.75731176 0.74078919 0.72498471
 0.72108178 0.76373099 0.73354646 0.76876313 0.77076588 0.72531437
 0.77117749 0.70389397 0.74769989 0.77992333 0.75374349 0.76309634
 0.74430981 0.74725302 0.77184153 0.73193671 0.73448658 0.77860676
 0.73483403 0.73829725 0.77162092 0.75745392 0.71373062 0.72023266
 0.69840022 0.76022424 0.71283863 0.76494451 0.75681817 0.73126082
 0.7446845  0.73226637 0.65914661 0.77333459 0.76992073 0.77038516
 0.76557935 0.7536861  0.77365853 0.74814405]
[0.75140957 0.69706776 0.75997102 0.6914309  0.72610053 0.755798
 0.75980641 0.76393578 0.76327932 0.72592256 0.7480581  0.70633659
 0.75082822 0.75095971 0.72042175 0.76237004 0.73350084 0.72041008
 0.72530358 0.76218763 0.72841784 0.78290321 0.7703898  0.71267186
 0.75798368 0.69174142 0.74640041 0.77343775 0.75000049 0.77332565
 0.73875238 0.75483776 0.76583264 0.72241169 0.73418247 0.77164933
 0.74008267 0.72178817 0.76594607 0.75560116 0.71089947 0.71616587
 0.67742921 0.76880181 0.71296151 0.75912746 0.75948858 0.7450888
 0.74283616 0.72527454 0.65450514 0.77222762 0.7639097  0.75828167
 0.75410962 0.74700536 0.76799699 0.73469337]
