0.008817162117425876
0.015310408075650534
0.01708709849251641
0.018055530349827476
0.018679986091123688
0.01913137544567386
0.01957016153881947
0.01986158483558231
0.020135267128547032
0.020393724834753407
0.020605750684108998
0.020781018369727663
0.02096615751998292
0.021124508277409606
0.021277709810270204
0.021368425591952272
0.021497605447140005
0.021590075095494588
0.02168831280950043
0.021758979455464417
0.021840012243224516
0.02190109860152006
0.021961518853074975
0.022050519945720833
0.022091892353362508
0.02213977319084936
0.022189643556873005
0.022248044436176617
0.022293913140892983
0.02232663118590911
0.022408939993215932
0.02241511376781596
0.02245073065575626
