-0.23048656342758073
-0.2827934911847115
-0.29663404600487814
-0.30394861353768243
-0.3088990729384952
-0.3126080020931032
-0.3158950515588125
-0.3186410414510303
-0.32077148550086554
-0.3231326639652252
-0.3251039096381929
-0.3269922433959113
-0.32849131855699754
-0.33010212275716994
-0.3315427255630493
-0.33258896463447146
-0.33400455322530537
-0.33453587353229525
-0.3354627612564299
-0.3367302284638087
-0.3371564716100693
-0.33823442180951435
-0.33885088953706954
-0.33974707298808626
-0.34004966225888994
-0.34034720102945965
-0.34134118682808345
-0.3417603787448671
-0.3425963184568617
-0.3428578341007233
-0.34214001913865405
-0.34379562656084695
-0.3441719879044427
