[0.76818185 0.7313093  0.75516274 0.71020626 0.73157164 0.76842255
 0.77554509 0.76514286 0.77793654 0.73235639 0.75269355 0.73501055
 0.75840893 0.75753783 0.72426375 0.77388154 0.74817552 0.7271828
 0.73767044 0.76893927 0.75100813 0.76837698 0.7797257  0.74349698
 0.77474775 0.71543115 0.75825622 0.76512808 0.76992343 0.7488755
 0.75916264 0.76313816 0.78123854 0.73703215 0.73842159 0.77856871
 0.74342007 0.74881432 0.7653882  0.76840532 0.72059166 0.71966434
 0.70811954 0.76003206 0.72672254 0.76059735 0.76535576 0.73592595
 0.75937267 0.75304945 0.67806886 0.76942315 0.78213142 0.76498799
 0.75892181 0.76717279 0.77524216 0.75499527]
[0.77496483 0.73828354 0.76524346 0.71775549 0.73358618 0.76628385
 0.77933548 0.76894555 0.78614797 0.7353535  0.76034742 0.73610075
 0.76445921 0.7639405  0.73704516 0.78141941 0.74700934 0.74029874
 0.73559066 0.77533628 0.74664629 0.77178273 0.77843221 0.7373061
 0.77397979 0.70305508 0.75869976 0.78089947 0.78255793 0.75741531
 0.75565956 0.75975674 0.7788317  0.7432539  0.74024421 0.77408831
 0.75274314 0.74724234 0.77369998 0.77041404 0.72775686 0.72904652
 0.705857   0.77701831 0.72683876 0.76608803 0.766089   0.73695319
 0.75647879 0.75254017 0.69877088 0.77061516 0.78222105 0.77457091
 0.77013046 0.75983968 0.78107133 0.74852954]
[0.77984752 0.73886874 0.76724254 0.72347517 0.75275115 0.78142673
 0.78444409 0.77737503 0.78829831 0.74548402 0.76330562 0.74498061
 0.76730076 0.76750121 0.74396444 0.7840014  0.75274245 0.74559789
 0.74584396 0.77864466 0.7516381  0.78050985 0.77877534 0.74785673
 0.78266369 0.70911978 0.75555125 0.7846584  0.78431522 0.76985049
 0.77267495 0.77407806 0.78677554 0.74570729 0.74513983 0.78522289
 0.7523415  0.75397058 0.77136709 0.77442382 0.73727841 0.74058626
 0.70554239 0.78418327 0.7279353  0.77328419 0.7802217  0.73720936
 0.7674271  0.75655495 0.69454807 0.77942428 0.78726748 0.77565272
 0.77601963 0.76871915 0.78599141 0.75693767]
[0.77919367 0.73241023 0.76838027 0.72041654 0.75085662 0.7725913
 0.7808538  0.77797118 0.78777847 0.74376934 0.76836085 0.74172023
 0.76487108 0.76632789 0.74018388 0.78194952 0.75803284 0.74323296
 0.7466997  0.77147863 0.75448143 0.78230104 0.7793345  0.73764248
 0.7801351  0.71229533 0.76391979 0.78171769 0.78122939 0.77164477
 0.76918893 0.77474353 0.78824062 0.74858976 0.75428925 0.78664236
 0.76105628 0.74956829 0.7774615  0.77957103 0.7364441  0.73799792
 0.70001789 0.78654284 0.73740864 0.77454664 0.78133076 0.73897471
 0.76455955 0.75684291 0.70408572 0.78189972 0.78856233 0.77580999
 0.76971281 0.77361554 0.78728877 0.7612825 ]
[0.77749675 0.74103842 0.77191549 0.72137586 0.74391234 0.76923476
 0.77763512 0.77417782 0.78853491 0.74041068 0.76342939 0.7477653
 0.76691713 0.76388047 0.7441674  0.77871996 0.7547983  0.74230682
 0.73902081 0.77682944 0.74842509 0.77322113 0.78034324 0.74461908
 0.76979432 0.71224071 0.76028613 0.78923218 0.77839354 0.76806113
 0.76287998 0.76687475 0.78710888 0.74514193 0.7480061  0.77963082
 0.75573646 0.75275339 0.77431544 0.77171458 0.73632268 0.73695145
 0.71320817 0.79082205 0.74117875 0.77254091 0.77456169 0.74173953
 0.76284794 0.75596622 0.69868537 0.78282128 0.78947588 0.77904643
 0.7699964  0.77030925 0.78881335 0.76204585]
[0.78016619 0.73651684 0.7701473  0.71820761 0.74731525 0.78024929
 0.78420181 0.77670793 0.78740831 0.74736909 0.76939099 0.74701832
 0.76808308 0.76824315 0.74346357 0.78783914 0.75738611 0.73817964
 0.74903169 0.77047544 0.76543346 0.7815983  0.78702775 0.74465171
 0.78454381 0.70885937 0.76727455 0.78066585 0.78332685 0.77265047
 0.76169769 0.77442253 0.79408546 0.75010591 0.75041601 0.7843773
 0.76130911 0.75164547 0.77792596 0.78242761 0.73131103 0.73951448
 0.70220125 0.7913821  0.74725439 0.77310673 0.78271433 0.73679515
 0.76381124 0.75848244 0.70921347 0.78152822 0.79447368 0.77999514
 0.77219311 0.77537698 0.79041824 0.76229701]
[0.7746211  0.72747518 0.76849971 0.7154019  0.73951148 0.7769125
 0.77864183 0.77750037 0.78391896 0.74102364 0.75743947 0.74072312
 0.76397108 0.76324264 0.73944397 0.78081083 0.75465533 0.7342792
 0.73378525 0.76880401 0.75114777 0.78087037 0.77525603 0.73813333
 0.77347657 0.70884083 0.76098994 0.78427126 0.77587816 0.77296632
 0.75809156 0.76590683 0.78763485 0.7329469  0.74651737 0.78749135
 0.75732104 0.74686915 0.77489667 0.77018479 0.73406001 0.73798826
 0.69836449 0.78808655 0.72404195 0.7755476  0.77165083 0.74544141
 0.76506624 0.74616257 0.69657724 0.77890774 0.78686501 0.77330922
 0.76921019 0.76948574 0.78151325 0.74768056]
[0.7783692  0.73760464 0.76997355 0.72697244 0.7447232  0.77358551
 0.78457199 0.77179689 0.78756196 0.74197288 0.76412916 0.7419634
 0.76988564 0.76694529 0.73648697 0.77790176 0.75655219 0.7440757
 0.75161942 0.76678984 0.76407146 0.77992914 0.78589893 0.73139609
 0.77858999 0.69925654 0.76439171 0.77890082 0.77917763 0.76924329
 0.7670237  0.76526355 0.79338556 0.74956886 0.75036813 0.78133952
 0.76678107 0.74787941 0.77883437 0.77728863 0.73145905 0.74098179
 0.69666213 0.78487122 0.73419209 0.77479447 0.76803563 0.73561075
 0.75069452 0.75505841 0.70866943 0.77782348 0.79553434 0.77843959
 0.77274062 0.77122826 0.78694603 0.75559909]
[0.78212508 0.74663306 0.77421752 0.7246329  0.74758804 0.78199357
 0.78438012 0.77704373 0.78564173 0.74982941 0.76352129 0.75009846
 0.77479368 0.76840365 0.74502894 0.78603073 0.75763355 0.74450997
 0.75455823 0.7702454  0.76598778 0.77763088 0.78716103 0.73894715
 0.78484773 0.70358051 0.76847433 0.78735497 0.78616855 0.77347737
 0.76261176 0.77053187 0.79613662 0.75153809 0.75097547 0.78355114
 0.76599239 0.75085625 0.78152725 0.77747795 0.73513874 0.74547168
 0.70939665 0.79061695 0.74524041 0.77649603 0.77342795 0.73491447
 0.75957267 0.75906827 0.71612797 0.77837207 0.79467637 0.78202168
 0.77511697 0.76910625 0.79344708 0.76772237]
[0.78225881 0.74651792 0.77539317 0.72108504 0.7491276  0.78236895
 0.78308361 0.7845699  0.78930432 0.75147031 0.77085433 0.75524413
 0.7774247  0.77003164 0.748536   0.79294646 0.75996293 0.7467803
 0.75735307 0.77988582 0.76094489 0.77916208 0.78233927 0.74234999
 0.78488878 0.70700406 0.76767164 0.78738223 0.78682213 0.77555266
 0.7680727  0.77389503 0.79439063 0.74863555 0.75577894 0.78802038
 0.76567196 0.75016827 0.78148049 0.77981866 0.73935099 0.74792801
 0.71492772 0.79320706 0.74355186 0.77815899 0.77708769 0.73973615
 0.76837107 0.76360002 0.71323755 0.78246344 0.79590745 0.78256995
 0.78032087 0.7722112  0.79679892 0.76768411]
