-0.22975211634899192
-0.2825669378929635
-0.29832208282302686
-0.3072930138105198
-0.3129727597863739
-0.3175922350463441
-0.32139515122468065
-0.32514343641827775
-0.32747748863904114
-0.330465673291062
-0.3326311978897445
-0.33447985288227167
-0.3356698682674995
-0.337453239165228
-0.3393444898850273
-0.3392271494894998
-0.340962512395518
-0.34342456633044827
-0.3444792859015926
-0.34560018984910573
-0.346596760060592
-0.34725063462411204
-0.34780928056234167
-0.3485521431596344
-0.35002589980070997
-0.3511902851886844
-0.35111997182256827
-0.35192789821411774
-0.3530588803752776
-0.3532859814669891
-0.353935211305287
-0.3544644895321678
-0.3552613063130722
-0.3551650039907129
-0.35628148270008286
-0.35661733106111476
-0.35711527832092776
-0.3569216876852305
-0.35795817208053454
-0.3581303920846423
-0.3585497111303931
-0.3589874474937212
-0.35963788184871154
-0.3599423131635112
-0.3602112456231792
-0.36057294753585795
-0.3607243673677184
-0.3607023254073879
-0.3616735207531647
-0.3619307526583707
-0.36200626908105893
-0.36230958558193804
-0.3627238938441643
-0.36226100543000855
-0.36313693598837177
-0.3629418107179495
-0.36308557534631963
-0.36381416396230976
-0.3640788741798022
-0.36465164146411505
-0.3646704922095126
-0.3646122549219108
-0.3650239246063138
-0.36530086294593056
-0.365164228319826
-0.36582596100885284
-0.3655739939833989
-0.36516995103128497
-0.3660777716275776
-0.3665585315257089
-0.3658405205895824
-0.3662156915990058
-0.36626422819369486
-0.3669229801328247
-0.3668729512774323
-0.3671777063504638
-0.3670179833549424
-0.3677310334245857
-0.36765994874774377
-0.3676153797073932
-0.3683778928320106
-0.36842354998990856
-0.3684722832207644
-0.36775027559353757
-0.36874908268007983
-0.36820841575083013
-0.36897791030980814
-0.36890372922343595
-0.3688538899048978
-0.3688213757190752
-0.3689084142520469
-0.3694728991529782
-0.3684095583541813
-0.3695138539037397
-0.3693239193400437
-0.369873149519227
-0.3697968715473677
-0.36952841474163917
-0.3697114890769457
-0.3700907624536945
