0.0041121186982388406
0.007052926159470755
0.008166197133909162
0.00885179204168376
0.009243890886927583
0.009576441878429787
0.009850086586517525
0.010136391500718244
0.010305070627952185
0.010506472963996916
0.010666222041172365
0.010811243698500079
0.010910299514182301
0.01102076289440429
0.011157964372420429
0.011175363472484922
0.011285537179032567
0.011431596128653652
0.01152241734958834
0.0115947788858569
0.011678736072227766
0.011732219688353999
0.011784572170460342
0.011823684064944093
0.011914099612857953
0.011995375558512086
0.012028498639798638
0.01206321964183679
0.012149589399693917
0.012164552994164876
0.012204546016865126
0.012238452774900065
0.012290752721631498
0.012310777693783527
0.01237528551850588
0.01240728348586015
0.01243332408775319
0.012433455727772588
0.01250816984726093
0.012511778061298964
0.012538753424496124
0.012576503193851736
0.01261086509824169
0.012632422953400363
0.012653918467720892
0.012670937188376415
0.012689303271657333
0.012693871094593339
0.012748649461707909
0.012774224432356304
0.012794933034564662
0.012809028758877707
0.01283264052233758
0.012827040881805916
0.012867931833504594
0.012847467607566648
0.012858802013598365
0.012917142359091537
0.012938992926855537
0.012959923602122971
0.01296805245131624
0.012968481351938052
0.012997834217589044
0.013014797061201065
0.013021692545811828
0.013039765576774222
0.013038294352868355
0.01303014647742507
0.013065615913856118
0.013102461110162675
0.013083664739675469
0.013098149118995844
0.013111282817131977
0.013130186282782341
0.013142427928727258
0.013153723723003202
0.013151781296094062
0.013175098775486201
0.013182436162259236
0.013183328177474864
0.013225131058053254
0.013222161879203751
0.013238683359110473
0.013213484587318844
0.013258842083512258
0.013238419871084003
0.013266544634240585
0.01327186117813028
0.013272172214449488
0.013282317922406693
0.013293844557577563
0.013301336118678744
0.013263047469442447
0.013313045886994591
0.013315164098150973
0.013335580715710857
0.013335543753990613
0.01334054557324639
0.013352227854835927
0.013361008585922918
