-0.213303641723492
-0.2543552340038361
-0.2656572951424506
-0.27188584607824795
-0.2759971968071632
-0.27928646833222204
-0.2819948046290253
-0.28459787124735547
-0.2862572062843787
-0.28843978165692785
-0.2899663108528104
-0.29123487935468517
-0.29202867182845216
-0.29337018916831714
-0.29471263356007654
-0.2945256958676331
-0.29582036528782574
-0.29769818296207684
-0.29838961710409256
-0.2992210752762873
-0.29988181672380226
-0.3003217569799636
-0.30067099301749955
-0.3012574083603937
-0.3023695031703258
-0.30320878404541585
-0.30300597805834883
-0.30367502059889195
-0.3044605234420625
-0.30462777074749947
-0.30511702830087456
-0.3055106791166159
-0.30609829609210676
-0.3059218942231635
-0.30678034117144926
-0.30698819839333186
-0.30738198328254834
-0.30718786507918877
-0.30792549407807535
-0.3080832812537626
-0.30839469851394447
-0.3086814365670935
-0.3091944229070365
-0.3094126226440553
-0.3095955730371972
-0.3098892001596929
-0.30996715527018603
-0.30992684234164786
-0.310678924431576
-0.3108338562046032
-0.3108265374049951
-0.31107347183132883
-0.3113933329103011
-0.3109528432708816
-0.31166520958798694
-0.31155194123980423
-0.31165036862304724
-0.31214559662430813
-0.31232290306398947
-0.3128119478598422
-0.3127982839757101
-0.3127383305032555
-0.3130325882813475
-0.3132416758288816
-0.3130774591903829
-0.31366689994968194
-0.31342081707109587
-0.31304936676699824
-0.3138153088595672
-0.3141486881388624
-0.31350586306368444
-0.3138230962138022
-0.3138190978218249
-0.31440223690593805
-0.3143032404684251
-0.3145628121887188
-0.3144108595386628
-0.31503063847054324
-0.3149302057533643
-0.314882068051298
-0.315477369367041
-0.31553490330504425
-0.31551755095829737
-0.3148963378913349
-0.3157137153905911
-0.31525473795812714
-0.31591173244765025
-0.3158162861101089
-0.3157652027110012
-0.31569210515720375
-0.31573303676124836
-0.31626755583375027
-0.31535737027897137
-0.31626167109527303
-0.31606326350207364
-0.31653082784884623
-0.31645469785328245
-0.3161662335579212
-0.3163025785172843
-0.31664672885875844
