[0.79317514 0.6673507  0.81014187 0.76236043 0.80501148 0.82872374
 0.75322215 0.70790997 0.69025256 0.73272094 0.71642343 0.83042212
 0.7574686  0.73378319 0.58511182 0.76909798]
[0.78907084 0.67217457 0.7970249  0.75613743 0.8001859  0.82980412
 0.75864539 0.75711759 0.6402497  0.70738826 0.71539514 0.8308635
 0.75393157 0.73513358 0.57346167 0.74665933]
[0.80107811 0.67405451 0.8160133  0.75771214 0.80305282 0.83984815
 0.75618663 0.68967203 0.69907772 0.72910434 0.71073369 0.84061964
 0.7637535  0.75302856 0.63821174 0.79729631]
[0.80093092 0.68386968 0.81812921 0.76234631 0.80979252 0.83458017
 0.75673656 0.67532733 0.70722124 0.74193451 0.72910993 0.84418742
 0.76529284 0.75404537 0.63469737 0.79937373]
[0.80057946 0.68309718 0.82490258 0.76748228 0.81333366 0.84668355
 0.76482195 0.70271384 0.67430768 0.74896936 0.73523117 0.84701794
 0.77197842 0.75083437 0.62262912 0.78278115]
[0.80320735 0.685827   0.82134495 0.7676486  0.80795418 0.84949077
 0.77136473 0.71322789 0.6921555  0.74492681 0.72969618 0.83595414
 0.77480916 0.76274622 0.62731631 0.78840455]
[0.80223426 0.68910669 0.82062708 0.75654537 0.8042531  0.84304476
 0.75983581 0.68651958 0.71065681 0.7378837  0.72424938 0.83633993
 0.76433804 0.75269805 0.64287359 0.80284172]
[0.80666304 0.69192781 0.82058386 0.76312684 0.80594272 0.85105498
 0.76488678 0.69422611 0.70786356 0.73721861 0.72086783 0.83148485
 0.77418746 0.75429133 0.63188232 0.80258053]
[0.80441221 0.68813123 0.82178157 0.75663643 0.80057887 0.84296475
 0.75618828 0.67637694 0.70557461 0.73960916 0.72322336 0.83228531
 0.76883992 0.75363738 0.63679157 0.80268638]
[0.80599044 0.69117427 0.82766537 0.76494482 0.80912011 0.85696717
 0.76925743 0.68959052 0.69353842 0.74697651 0.7289247  0.83635077
 0.77635465 0.75474873 0.63158969 0.79530397]
