[0.75829039 0.71532505 0.76582638 0.70811502 0.72643257 0.7704278
 0.76740628 0.76715524 0.77284143 0.73481546 0.74606199 0.72371968
 0.76276848 0.75890649 0.73020197 0.75731176 0.74078919 0.72498471
 0.72108178 0.76373099 0.73354646 0.76876313 0.77076588 0.72531437
 0.77117749 0.70389397 0.74769989 0.77992333 0.75374349 0.76309634
 0.74430981 0.74725302 0.77184153 0.73193671 0.73448658 0.77860676
 0.73483403 0.73829725 0.77162092 0.75745392 0.71373062 0.72023266
 0.69840022 0.76022424 0.71283863 0.76494451 0.75681817 0.73126082
 0.7446845  0.73226637 0.65914661 0.77333459 0.76992073 0.77038516
 0.76557935 0.7536861  0.77365853 0.74814405]
[0.75140957 0.69706776 0.75997102 0.6914309  0.72610053 0.755798
 0.75980641 0.76393578 0.76327932 0.72592256 0.7480581  0.70633659
 0.75082822 0.75095971 0.72042175 0.76237004 0.73350084 0.72041008
 0.72530358 0.76218763 0.72841784 0.78290321 0.7703898  0.71267186
 0.75798368 0.69174142 0.74640041 0.77343775 0.75000049 0.77332565
 0.73875238 0.75483776 0.76583264 0.72241169 0.73418247 0.77164933
 0.74008267 0.72178817 0.76594607 0.75560116 0.71089947 0.71616587
 0.67742921 0.76880181 0.71296151 0.75912746 0.75948858 0.7450888
 0.74283616 0.72527454 0.65450514 0.77222762 0.7639097  0.75828167
 0.75410962 0.74700536 0.76799699 0.73469337]
[0.77494439 0.73337138 0.76894106 0.71763918 0.73016183 0.78021199
 0.77085017 0.77333826 0.78270844 0.74036142 0.75797834 0.74279127
 0.76048619 0.75475122 0.72318495 0.77077761 0.74498474 0.74235487
 0.73534004 0.7563376  0.75115171 0.77141325 0.77859999 0.72869824
 0.76865546 0.70501065 0.75968377 0.77529323 0.77373698 0.75873714
 0.75877747 0.75941587 0.78993719 0.74839974 0.74108106 0.7773518
 0.7472675  0.74251273 0.77122648 0.76972856 0.72824765 0.74006437
 0.69784077 0.76546663 0.72947025 0.76287573 0.77285857 0.72362236
 0.74057299 0.75277642 0.6833802  0.78194824 0.79173523 0.77292004
 0.75745595 0.7761644  0.77353048 0.7626076 ]
[0.77969253 0.74420739 0.7647874  0.7164088  0.73920672 0.78281868
 0.77572067 0.78307021 0.78470328 0.74887837 0.76020898 0.744103
 0.76573841 0.75263764 0.72830217 0.77235994 0.74664974 0.73951909
 0.74334462 0.76481887 0.76074427 0.78018551 0.77964701 0.73718604
 0.78106627 0.70985488 0.76184048 0.77233181 0.78393516 0.75908742
 0.7587755  0.76184509 0.79169964 0.75053421 0.73915253 0.77666091
 0.75335351 0.74036419 0.76579215 0.77105535 0.73325815 0.7450701
 0.69541881 0.76431525 0.73160848 0.76575889 0.77966983 0.72829308
 0.75291974 0.75052171 0.68504063 0.78170937 0.78921024 0.77822462
 0.76325903 0.76478479 0.78080917 0.76404941]
[0.77793001 0.74160829 0.7708739  0.72108393 0.73899691 0.77526983
 0.78095507 0.78088894 0.78429874 0.74054856 0.75154326 0.73349862
 0.76535914 0.76429051 0.7414017  0.78522107 0.74269012 0.72956697
 0.73119861 0.77911227 0.75549791 0.78222591 0.77344057 0.73796794
 0.77548121 0.71752873 0.76413714 0.78725615 0.78171523 0.76760075
 0.75334152 0.75663148 0.78299941 0.73612578 0.73742435 0.78059857
 0.76118124 0.74734162 0.77059737 0.76827296 0.73016505 0.74040132
 0.71972721 0.77949593 0.73637689 0.77388537 0.76689142 0.7497764
 0.76919084 0.74371748 0.69907301 0.77745954 0.78604225 0.77520754
 0.7702227  0.75736846 0.78325413 0.76598558]
[0.77949314 0.73755047 0.77612189 0.71759411 0.73964148 0.78001583
 0.78024266 0.78923275 0.78599374 0.74251189 0.75708249 0.73734826
 0.76731721 0.76497611 0.73969869 0.78217124 0.75028314 0.73865884
 0.74067029 0.77646322 0.75362711 0.78475094 0.77629856 0.7353273
 0.78094339 0.71386849 0.76856419 0.78670521 0.78300721 0.77775966
 0.75515875 0.76449762 0.78755748 0.74088938 0.74242038 0.78372222
 0.76738795 0.7441379  0.77652348 0.77358293 0.73719095 0.74172341
 0.70989866 0.78269559 0.73940446 0.77865727 0.77426652 0.74535621
 0.76564662 0.74827124 0.69898294 0.77881473 0.78762016 0.77646757
 0.7697994  0.76402936 0.7905661  0.76908064]
[0.7807455  0.74654932 0.76929235 0.72541821 0.73765874 0.78030838
 0.77500425 0.77929079 0.78177399 0.74332202 0.75886258 0.74619153
 0.7659557  0.75504988 0.72941408 0.7709977  0.74243689 0.745725
 0.73973763 0.7661121  0.7602524  0.77575914 0.78386934 0.74073569
 0.77824586 0.70966118 0.76150297 0.77265986 0.77933672 0.75410933
 0.76003987 0.7615807  0.79266621 0.753987   0.74141986 0.77953434
 0.76083151 0.74703358 0.76809185 0.77414079 0.72988789 0.74454034
 0.70731798 0.7686405  0.73994965 0.76464354 0.7747217  0.73103649
 0.74695025 0.75901962 0.69400482 0.78064518 0.79045443 0.7776963
 0.76183203 0.77608212 0.77554348 0.76765241]
[0.78139011 0.7408696  0.77177688 0.71952768 0.73884773 0.77985869
 0.7784569  0.78434751 0.78645987 0.74431567 0.7620104  0.73897164
 0.77171912 0.75701989 0.72892663 0.77531547 0.74207937 0.74249306
 0.73408468 0.76613217 0.75427729 0.78059075 0.78381689 0.73775443
 0.78153416 0.70508163 0.76902486 0.77778488 0.78099985 0.76499692
 0.75999859 0.75939448 0.79317785 0.74700986 0.7430431  0.78685188
 0.7712418  0.74685177 0.77831844 0.77732165 0.73192204 0.74428255
 0.71541988 0.78104252 0.74113572 0.7704966  0.76681148 0.73937765
 0.75188139 0.75418676 0.70809557 0.77868331 0.79134077 0.77670196
 0.76183848 0.7713805  0.77954492 0.76779249]
[0.78055643 0.74382619 0.7676251  0.72270391 0.7345654  0.77809751
 0.77150683 0.77671826 0.77946748 0.73945837 0.7553005  0.74078939
 0.76612104 0.75488717 0.7261275  0.77163995 0.74125896 0.74472867
 0.73310008 0.76587617 0.75239204 0.7744678  0.78357646 0.73850751
 0.77503965 0.70685734 0.76348631 0.77334278 0.77838489 0.75760374
 0.7563519  0.75546431 0.79118165 0.75081655 0.7412167  0.78018681
 0.76110291 0.74329347 0.77122947 0.77241262 0.72589494 0.74401428
 0.70846414 0.77214575 0.7412395  0.76513133 0.76901908 0.73201267
 0.74641944 0.7577462  0.69682883 0.77908102 0.79010625 0.77561008
 0.761151   0.76630129 0.77821979 0.76707222]
[0.78401326 0.74625874 0.77248374 0.72666928 0.73922729 0.77794188
 0.78447209 0.78475671 0.78952706 0.74177538 0.75972439 0.74164947
 0.76551983 0.760201   0.73536418 0.7847464  0.74018714 0.74150543
 0.73157885 0.77495453 0.75583945 0.78154006 0.78270463 0.73433653
 0.77974387 0.71134406 0.76685796 0.78547658 0.78377566 0.76792511
 0.75832285 0.75532859 0.78896979 0.743101   0.73645062 0.78641734
 0.7738373  0.75081253 0.77957585 0.77622096 0.73398285 0.74762255
 0.71853613 0.78402268 0.74633097 0.77210468 0.7675616  0.74008614
 0.76343529 0.74728277 0.70205344 0.78364848 0.79091045 0.778811
 0.76590618 0.76619502 0.78458698 0.77283906]
