-0.2481208870642715
-0.3134143062432607
-0.33080824196338654
-0.3400596734550264
-0.346259044541253
-0.3508707529306412
-0.35503537370098964
-0.3583642098638746
-0.36104201959239113
-0.36392011284828185
-0.3663154103358587
-0.36855427927441065
-0.37042363332377537
-0.3723511383930842
-0.37409814457098645
-0.37532581514782376
-0.37699976212448544
-0.37771602239873675
-0.37883938597308264
-0.3802481859922409
-0.3808364944325553
-0.3820366185241275
-0.38277392632431456
-0.3838481120268504
-0.3842334461874432
-0.3846267467737198
-0.38572047339545357
-0.3862564667065938
-0.3871841435299979
-0.38751109500726066
-0.3869578986035453
-0.38862585312790343
-0.38907344738642374
-0.3893733918004566
-0.38943155109882355
-0.39037304772271053
-0.3909224818812476
-0.39099713921546936
-0.3916400665707058
-0.3919197528892093
-0.3921882822116216
-0.39222812367810145
-0.3927276705371009
-0.39328407598866355
-0.3936779178513421
-0.3938704892661836
-0.3938486411836412
-0.39432505038049487
-0.39484848075442847
-0.39493664648797777
-0.3945243162579007
-0.39535651862621307
-0.3953576293918822
-0.39568497088220383
-0.3959052050775952
-0.39648188014825186
-0.396624500685268
-0.3965237528085709
-0.3963973698351118
-0.3971252745389938
-0.39689575685395134
-0.3978167733881209
-0.39739498217900593
-0.39791265083683863
-0.39799703816572823
-0.3976874707142512
-0.39815770387649535
-0.3984865164094501
-0.39849624004628925
-0.3983839260207282
-0.3990453408824073
-0.39869949632220797
-0.3994158020946715
-0.3990721464157104
-0.39935818400647904
-0.3997916481229994
-0.399666724536154
-0.3994093366463979
-0.39999110294712914
-0.4004041063785553
-0.39945352534453077
-0.40008349008030364
-0.40041221419970197
-0.40020305381880866
-0.40076102866066826
-0.4006001835399204
-0.4006128339635001
-0.4013496222760942
-0.4012328473726908
-0.4008602126439412
-0.4015346782737308
-0.4010032535923852
-0.401503491865264
-0.40156271272235444
-0.4017877093288634
-0.40179483817683326
-0.40162756933106314
-0.40176560488012103
-0.4015555897023943
-0.401520016392072
