0.008817162117425876
0.015310408075650534
0.01708709849251641
0.018055530349827476
0.018679986091123688
0.01913137544567386
0.01957016153881947
0.01986158483558231
0.020135267128547032
0.020393724834753407
0.020605750684108998
0.020781018369727663
0.02096615751998292
0.021124508277409606
0.021277709810270204
0.021368425591952272
0.021497605447140005
0.021590075095494588
0.02168831280950043
0.021758979455464417
0.021840012243224516
0.02190109860152006
0.021961518853074975
0.022050519945720833
0.022091892353362508
0.02213977319084936
0.022189643556873005
0.022248044436176617
0.022293913140892983
0.02232663118590911
0.022408939993215932
0.02241511376781596
0.02245073065575626
0.022483141343626712
0.022518971285058392
0.022556835876570806
0.02259873935331901
0.02263987765957912
0.022653103859888182
0.02268762632376618
0.022707937794427077
0.022741812591751415
0.022762370846337743
0.02278895005997684
0.02282904613763094
0.02284786925961574
0.02286121787296401
0.022896003420982095
0.02290912090904183
0.0229404162739714
0.022934907732738388
0.0229598643258214
0.022972269447313415
0.022983799514671166
0.023001097275151147
0.02304741500566403
0.02306342406819264
0.023063594380186663
0.02307078767567873
0.02310588191780779
0.023114360413617557
0.023152257800102233
0.02315375196850962
0.023174228949679267
0.023192621059715746
0.023183831377989714
0.02321497374524673
0.023220089587072532
0.023237706580095822
0.023232341661221453
0.02326258985946576
0.02325866717017359
0.023283455963763924
0.02327924869954586
0.023295621213813622
0.023313108533620834
0.023329881661468082
0.023349066107637352
0.02334375701844692
0.02336284396962987
0.023334990214142533
0.023363809548318386
0.02337841915587584
0.023368543311953545
0.02340430050674412
0.023415489229891034
0.023402731000549265
0.023442295615871748
0.023431032622853915
0.023442637311915558
0.02345706312192811
0.023437632910079425
0.023454726607435278
0.023462454246150122
0.023488964202503362
0.023494013042913542
0.023510660541554294
0.023494090048803224
0.023497519195079804
0.02350311382777161
