-0.23048656342758073
-0.2827934911847115
-0.29663404600487814
-0.30394861353768243
-0.3088990729384952
-0.3126080020931032
-0.3158950515588125
-0.3186410414510303
-0.32077148550086554
-0.3231326639652252
-0.3251039096381929
-0.3269922433959113
-0.32849131855699754
-0.33010212275716994
-0.3315427255630493
-0.33258896463447146
-0.33400455322530537
-0.33453587353229525
-0.3354627612564299
-0.3367302284638087
-0.3371564716100693
-0.33823442180951435
-0.33885088953706954
-0.33974707298808626
-0.34004966225888994
-0.34034720102945965
-0.34134118682808345
-0.3417603787448671
-0.3425963184568617
-0.3428578341007233
-0.34214001913865405
-0.34379562656084695
-0.3441719879044427
-0.34440711034668814
-0.3443936100933287
-0.34525937729411654
-0.3457250042094125
-0.3457173848152161
-0.3463338601589203
-0.3465445007218255
-0.34677240749200183
-0.34674449960390724
-0.3472029307815764
-0.3477061769697401
-0.3480198268095652
-0.34817475232813094
-0.3481262069940567
-0.34853304472234514
-0.3490302402443356
-0.3490558153390884
-0.34865450183550517
-0.3494367912742827
-0.34941309220261046
-0.34971737292077804
-0.34990301231543225
-0.3503870522313648
-0.3504976544777552
-0.3503965652651257
-0.35025579538610246
-0.350913511912028
-0.3506670373015934
-0.3515122585164176
-0.3510874790615506
-0.3515641940302319
-0.3516117978758282
-0.3513198095560074
-0.35172775785128274
-0.35204633851846057
-0.35202082766426934
-0.3519192439317703
-0.35252016325791674
-0.35218216366238064
-0.3528488912847307
-0.3525136497285631
-0.3527669429779053
-0.35316543214850954
-0.3530069629351298
-0.3527112059460746
-0.3533035902182261
-0.3536784194575416
-0.3527835460503896
-0.3533558721012539
-0.3536553771628274
-0.35346596903271144
-0.35395242949326833
-0.3537692060073217
-0.35380737284819286
-0.3544650324847963
-0.35437078376611075
-0.35397493912114036
-0.35462055338753595
-0.3541279886166255
-0.3545940397845374
-0.3546378048261007
-0.35480978230635324
-0.3548068137963613
-0.3546062497960197
-0.3547774263885286
-0.3545605523718728
-0.35451378921667737
